2
10 15
17
C 40 1    10 40 0 40    0 0    10 1
C 40 1    10 40 0 40    0 0    1 15
V 20 1    5 20 0 20    0 0    1 9
T 30 1    5 20 1 30    0 0    1 13
C 40 1    10 40 0 40    0 0    2 3
T 30 1    5 20 1 30    0 0    3 1
V 20 1    5 20 0 20    0 0    3 8
C 40 1    10 40 0 40    0 0    3 14
F 80 1    10 20 0 80    0 0    4 5
F 80 1    10 20 0 80    0 0    5 12
T 30 1    5 20 1 30    0 0    6 3
T 30 1    5 20 1 30    0 0    7 10
C 40 1    10 40 0 40    0 0    8 2
V 20 1    5 20 0 20    0 0    8 6
T 30 1    5 20 1 30    0 0    8 15
C 40 1    10 40 0 40    0 0    9 13
T 30 1    5 20 1 30    0 0    10 3
1  U   1  1  1  0  0  0
1  U   1  2  0  0  0  0

17
C 0 2    10 40 0 40    0 0    10 1
C 40 1    10 40 0 40    0 0    1 15
V 20 1    5 20 0 20    0 0    1 9
T 30 1    5 20 1 30    0 0    1 13
C 40 1    10 40 0 40    0 0    2 3
T 30 1    5 20 1 30    0 0    3 1
V 20 1    5 20 0 20    0 0    3 8
C 40 1    10 40 0 40    0 0    3 14
F 80 1    10 20 0 80    0 0    4 5
F 80 1    10 20 0 80    0 0    5 12
T 30 1    5 20 1 30    0 0    6 3
T 30 1    5 20 1 30    0 0    7 10
C 40 1    10 40 0 40    0 0    8 2
V 20 1    5 20 0 20    0 0    8 6
T 30 1    5 20 1 30    0 0    8 15
C 40 1    10 40 0 40    0 0    9 13
T 0 1    5 20 1 30    0 0    10 3
1  R   2  1 17  1  0  0  0
1  U   1  2  0  0  0  0 0


0 0 0 0 0 0 0 0 0 0 0 0 1 0 0 0 1
0 0 0 1 0 0 0 1 0 0 0 0 0 0 0 0 0
0 0 0 1 0 0 1 1 0 0 0 0 0 0 0 0 0
0 1 1 0 0 0 0 1 0 0 0 0 0 0 0 0 0
0 0 0 0 0 1 1 0 1 0 0 0 0 0 0 0 0
0 0 0 0 1 0 0 0 1 0 1 0 0 0 0 0 0
0 0 1 0 1 0 0 1 1 1 0 0 0 0 0 0 0
0 1 1 1 0 0 1 0 0 1 0 0 0 0 1 0 0
0 0 0 0 1 1 1 0 0 1 1 1 0 0 0 0 0
0 0 0 0 0 0 1 1 1 0 0 1 0 0 1 0 0
0 0 0 0 0 1 0 0 1 0 0 1 1 1 0 0 0
0 0 0 0 0 0 0 0 1 1 1 0 0 1 0 1 0
1 0 0 0 0 0 0 0 0 0 1 0 0 1 0 0 1
0 0 0 0 0 0 0 0 0 0 1 1 1 0 0 0 1
0 0 0 0 0 0 0 1 0 1 0 0 0 0 0 1 0
0 0 0 0 0 0 0 0 0 0 0 1 0 0 1 0 0
1 0 0 0 0 0 0 0 0 0 0 0 1 1 0 0 0

